                         0
                         0
    8.695333701436275e-227
    2.567942957798314e-152
    5.223044731343369e-115
     1.400648461134713e-92
     1.340715368951955e-77
     7.054728941973878e-67
     8.027736130827736e-59
     1.521528536833510e-52
     1.636269769820010e-47
     2.179137639344188e-43
     6.049162086997432e-40
     5.020388767535048e-37
     1.612045407697523e-34
     2.419785642907989e-32
     1.957030655738018e-30
     9.506548187567739e-29
     3.018384082744020e-27
     6.696722539904499e-26
     1.095239332820173e-24
     1.378879095944253e-23
     1.384570009181192e-22
     1.141842241982232e-21
     7.925298498449778e-21
     4.725704497210902e-20
     2.463281482981524e-19
     1.139194965273498e-18
     4.734151264879246e-18
     1.787355620059831e-17
     6.189230136315459e-17
     1.982075990963170e-16
     5.913097350321758e-16
     1.653839828788715e-15
     4.361175385661006e-15
     1.089720081968738e-14
     2.591537045618333e-14
     5.889157816723173e-14
     1.283347291260865e-13
     2.690389134893243e-13
     5.441427980139555e-13
     1.064543949476160e-12
     2.019234125758137e-12
     3.721408355075730e-12
     6.676781595652036e-12
     1.168243835541908e-11
     1.996674758389107e-11
     3.338338865359548e-11
     5.467533100466478e-11
     8.782765196213693e-11
     1.385313121909239e-10
     2.147833714463906e-10
     3.276525434668083e-10
     4.922423750371779e-10
     7.288876027344720e-10
     1.064622302481819e-09
     1.534961214392616e-09
     2.186038015884998e-09
     3.077146254650160e-09
     4.283730074598804e-09
     5.900872718929778e-09
     8.047331034538485e-09
     1.087016380448771e-08
     1.455000068766666e-08
     1.930699684840657e-08
     2.540751602831424e-08
     3.317158187482445e-08
     4.298113383389662e-08
     5.528911988543225e-08
     7.062945390486826e-08
     8.962786053485061e-08
     1.130136252134255e-07
     1.416322614992548e-07
     1.764591021309584e-07
     2.186138144277232e-07
     2.693758347514208e-07
     3.302007108739707e-07
     4.027373352910712e-07
     4.888460468545377e-07
     5.906175726146754e-07
     7.103927765207522e-07
     8.507831766653067e-07
     1.014692188114162e-06
     1.205337044070450e-06
     1.426271344203418e-06
     1.681408175451074e-06
     1.975043747494348e-06
     2.311881482408568e-06
     2.697056495729554e-06
     3.136160404326445e-06
     3.635266395047200e-06
     4.200954487085786e-06
     4.840336920403335e-06
     5.561083602302448e-06
     6.371447544388018e-06
     7.280290222630450e-06
     8.297106794059134e-06
     9.432051104729256e-06
     1.069596042500579e-05
     1.210037984986780e-05
     1.365758630383074e-05
     1.538061209219260e-05
     1.728326794260346e-05
     1.938016548341891e-05
     2.168673910789864e-05
     2.421926717603274e-05
     2.699489250859628e-05
     3.003164213093200e-05
     3.334844622691296e-05
     3.696515626653273e-05
     4.090256227359006e-05
     4.518240920295322e-05
     4.982741239991016e-05
     5.486127211709917e-05
     6.030868706747402e-05
     6.619536699466420e-05
     7.254804424495603e-05
     7.939448432789438e-05
     8.676349545522686e-05
     9.468493705054782e-05
     1.031897272245330e-04
     1.123098492131231e-04
     1.220783567783542e-04
     1.325293785737975e-04
     1.436981214787166e-04
     1.556208729071048e-04
     1.683350020996825e-04
     1.818789604087862e-04
     1.962922805877919e-04
     2.116155750983396e-04
     2.278905334501113e-04
     2.451599185893443e-04
     2.634675623535350e-04
     2.828583600110090e-04
     3.033782639050933e-04
     3.250742762236534e-04
     3.479944409156452e-04
     3.721878347771552e-04
     3.977045577300787e-04
     4.245957223172969e-04
     4.529134424386820e-04
     4.827108213527776e-04
     5.140419389694030e-04
     5.469618384587060e-04
     5.815265122024892e-04
     6.177928871138021e-04
     6.558188093508893e-04
     6.956630284517223e-04
     7.373851809152296e-04
     7.810457732554550e-04
     8.267061645546159e-04
     8.744285485410135e-04
     9.242759352174960e-04
     9.763121320660164e-04
     1.030601724853452e-03
     1.087210058063720e-03
     1.146203214980728e-03
     1.207647997446476e-03
     1.271611905318144e-03
     1.338163115647660e-03
     1.407370461606856e-03
     1.479303411180615e-03
     1.554032045650359e-03
     1.631627037889389e-03
     1.712159630491291e-03
     1.795701613751968e-03
     1.882325303525561e-03
     1.972103518973756e-03
     2.065109560227569e-03
     2.161417185980157e-03
     2.261100591028705e-03
     2.364234383782709e-03
     2.470893563755714e-03
     2.581153499056741e-03
     2.695089903897320e-03
     2.812778816129375e-03
     2.934296574828590e-03
     3.059719797937778e-03
     3.189125359983444e-03
     3.322590369879117e-03
     3.460192148827891e-03
     3.602008208336291e-03
     3.748116228351002e-03
     3.898594035529802e-03
     4.053519581656990e-03
     4.212970922213766e-03
     4.377026195112883e-03
     4.545763599607055e-03
     4.719261375379645e-03
     4.897597781826015e-03
     5.080851077533463e-03
     5.269099499966809e-03
     5.462421245367191e-03
     5.660894448870104e-03
     5.864597164849302e-03
     6.073607347492019e-03
     6.288002831611295e-03
     6.507861313700050e-03
     6.733260333232198e-03
     6.964277254214265e-03
     7.200989246992627e-03
     7.443473270319130e-03
     7.691806053678992e-03
     7.946064079883814e-03
     8.206323567932671e-03
     8.472660456143638e-03
     8.745150385557883e-03
     9.023868683618550e-03
     9.308890348125862e-03
     9.600290031469921e-03
     9.898142025142503e-03
     1.020252024452875e-02
     1.051349821397961e-02
     1.083114905216516e-02
     1.115554545770983e-02
     1.148675969510880e-02
     1.182486358092658e-02
     1.216992847027621e-02
     1.252202524357996e-02
     1.288122429360991e-02
     1.324759551280882e-02
     1.362120828088864e-02
     1.400213145270757e-02
     1.439043334642343e-02
     1.478618173192214e-02
     1.518944381951967e-02
     1.560028624893698e-02
     1.601877507854470e-02
     1.644497577487719e-02
     1.687895320241325e-02
     1.732077161362234e-02
     1.777049463927251e-02
     1.822818527900096e-02
     1.869390589214141e-02
     1.916771818880913e-02
     1.964968322123911e-02
     2.013986137537622e-02
     2.063831236271451e-02
     2.114509521238240e-02
     2.166026826347231e-02
     2.218388915761230e-02
     2.271601483177448e-02
     2.325670151132162e-02
     2.380600470328478e-02
     2.436397918987305e-02
     2.493067902220976e-02
     2.550615751429367e-02
     2.609046723718260e-02
     2.668366001339484e-02
     2.728578691152752e-02
     2.789689824108794e-02
     2.851704354753473e-02
     2.914627160752688e-02
     2.978463042437583e-02
     3.043216722370052e-02
     3.108892844927936e-02
     3.175495975909839e-02
     3.243030602159137e-02
     3.311501131206988e-02
     3.380911890933908e-02
     3.451267129249821e-02
     3.522571013792004e-02
     3.594827631640943e-02
     3.668040989053598e-02
     3.742215011213859e-02
     3.817353541999845e-02
     3.893460343767938e-02
     3.970539097152949e-02
     4.048593400884418e-02
     4.127626771618711e-02
     4.207642643786481e-02
     4.288644369455311e-02
     4.370635218207374e-02
     4.453618377031537e-02
     4.537596950230077e-02
     4.622573959339271e-02
     4.708552343063840e-02
     4.795534957225080e-02
     4.883524574722071e-02
     4.972523885506129e-02
     5.062535496567857e-02
     5.153561931936822e-02
     5.245605632693388e-02
     5.338668956992720e-02
     5.432754180100355e-02
     5.527863494439431e-02
     5.623999009649172e-02
     5.721162752654343e-02
     5.819356667745601e-02
     5.918582616670368e-02
     6.018842378733931e-02
     6.120137650910980e-02
     6.222470047966581e-02
     6.325841102587239e-02
     6.430252265521114e-02
     6.535704905727661e-02
     6.642200310536174e-02
     6.749739685813040e-02
     6.858324156137979e-02
     6.967954764988252e-02
     7.078632474931368e-02
     7.190358167825558e-02
     7.303132645028286e-02
     7.416956627612217e-02
     7.531830756588725e-02
     7.647755593138444e-02
     7.764731618849201e-02
     7.882759235960513e-02
     8.001838767614991e-02
     8.121970458116148e-02
     8.243154473192649e-02
     8.365390900268738e-02
     8.488679748740589e-02
     8.613020950258737e-02
     8.738414359015848e-02
     8.864859752040452e-02
     8.992356829495815e-02
     9.120905214983945e-02
     9.250504455855045e-02
     9.381154023521543e-02
     9.512853313777135e-02
     9.645601647120385e-02
     9.779398269082862e-02
     9.914242350561715e-02
     1.005013298815638e-01
     1.018706920450935e-01
     1.032504994865139e-01
     1.046407409634979e-01
     1.060414045046138e-01
     1.074524774128797e-01
     1.088739462693640e-01
     1.103057969368123e-01
     1.117480145633113e-01
     1.132005835859802e-01
     1.146634877346961e-01
     1.161367100358467e-01
     1.176202328161108e-01
     1.191140377062702e-01
     1.206181056450407e-01
     1.221324168829338e-01
     1.236569509861428e-01
     1.251916868404472e-01
     1.267366026551464e-01
     1.282916759670071e-01
     1.298568836442390e-01
     1.314322018904842e-01
     1.330176062488287e-01
     1.346130716058315e-01
     1.362185721955683e-01
     1.378340816036960e-01
     1.394595727715292e-01
     1.410950180001324e-01
     1.427403889544277e-01
     1.443956566673150e-01
     1.460607915438023e-01
     1.477357633651534e-01
     1.494205412930423e-01
     1.511150938737194e-01
     1.528193890421892e-01
     1.545333941263965e-01
     1.562570758514178e-01
     1.579904003436688e-01
     1.597333331351123e-01
     1.614858391674732e-01
     1.632478827964675e-01
     1.650194277960277e-01
     1.668004373625398e-01
     1.685908741190824e-01
     1.703907001196716e-01
     1.721998768535075e-01
     1.740183652492268e-01
     1.758461256791599e-01
     1.776831179635799e-01
     1.795293013749713e-01
     1.813846346422842e-01
     1.832490759551972e-01
     1.851225829683827e-01
     1.870051128057642e-01
     1.888966220647852e-01
     1.907970668206704e-01
     1.927064026306861e-01
     1.946245845384006e-01
     1.965515670779482e-01
     1.984873042782839e-01
     2.004317496674382e-01
     2.023848562767758e-01
     2.043465766452405e-01
     2.063168628236093e-01
     2.082956663787349e-01
     2.102829383977883e-01
     2.122786294924940e-01
     2.142826898033688e-01
     2.162950690039507e-01
     2.183157163050229e-01
     2.203445804588347e-01
     2.223816097633214e-01
     2.244267520663127e-01
     2.264799547697409e-01
     2.285411648338382e-01
     2.306103287813379e-01
     2.326873927016558e-01
     2.347723022550849e-01
     2.368650026769618e-01
     2.389654387818444e-01
     2.410735549676765e-01
     2.431892952199437e-01
     2.453126031158310e-01
     2.474434218283602e-01
     2.495816941305324e-01
     2.517273623994624e-01
     2.538803686204985e-01
     2.560406543913418e-01
     2.582081609261508e-01
     2.603828290596585e-01
     2.625645992512482e-01
     2.647534115890548e-01
     2.669492057940411e-01
     2.691519212240706e-01
     2.713614968779693e-01
     2.735778713995886e-01
     2.758009830818456e-01
     2.780307698707775e-01
     2.802671693695600e-01
     2.825101188425444e-01
     2.847595552192715e-01
     2.870154150984812e-01
     2.892776347521118e-01
     2.915461501292987e-01
     2.938208968603572e-01
     2.961018102607599e-01
     2.983888253351061e-01
     3.006818767810857e-01
     3.029808989934326e-01
     3.052858260678656e-01
     3.075965918050359e-01
     3.099131297144423e-01
     3.122353730183676e-01
     3.145632546557822e-01
     3.168967072862569e-01
     3.192356632938535e-01
     3.215800547910235e-01
     3.239298136224834e-01
     3.262848713690915e-01
     3.286451593517152e-01
     3.310106086350911e-01
     3.333811500316761e-01
     3.357567141054855e-01
     3.381372311759405e-01
     3.405226313216886e-01
     3.429128443844233e-01
     3.453077999727111e-01
     3.477074274657843e-01
     3.501116560173461e-01
     3.525204145593656e-01
     3.549336318058561e-01
     3.573512362566645e-01
     3.597731562012293e-01
     3.621993197223610e-01
     3.646296546999848e-01
     3.670640888149002e-01
     3.695025495525224e-01
     3.719449642066310e-01
     3.743912598830780e-01
     3.768413635035376e-01
     3.792952018092149e-01
     3.817527013645572e-01
     3.842137885609620e-01
     3.866783896204846e-01
     3.891464305995233e-01
     3.916178373925149e-01
     3.940925357356165e-01
     3.965704512103894e-01
     3.990515092474606e-01
     4.015356351301961e-01
     4.040227539983728e-01
     4.065127908518155e-01
     4.090056705540680e-01
     4.115013178360295e-01
     4.139996572995988e-01
     4.165006134213192e-01
     4.190041105560010e-01
     4.215100729403572e-01
     4.240184246966299e-01
     4.265290898362029e-01
     4.290419922632268e-01
     4.315570557782272e-01
     4.340742040817109e-01
     4.365933607777791e-01
     4.391144493777196e-01
     4.416373933036106e-01
     4.441621158919092e-01
     4.466885403970564e-01
     4.492165899950488e-01
     4.517461877870314e-01
     4.542772568028889e-01
     4.568097200048071e-01
     4.593435002908677e-01
     4.618785204986154e-01
     4.644147034086305e-01
     4.669519717480997e-01
     4.694902481943904e-01
     4.720294553786059e-01
     4.745695158891655e-01
     4.771103522753533e-01
     4.796518870508906e-01
     4.821940426974888e-01
     4.847367416684167e-01
     4.872799063920512e-01
     4.898234592754397e-01
     4.923673227078531e-01
     4.949114190643424e-01
     4.974556707092982e-01
     5.000000000000020e-01
     5.025443292901739e-01
     5.050885809335419e-01
     5.076326772873868e-01
     5.101765407160948e-01
     5.127200935947224e-01
     5.152632583125382e-01
     5.178059572765921e-01
     5.203481129152612e-01
     5.228896476818121e-01
     5.254304840579590e-01
     5.279705445574211e-01
     5.305097517294947e-01
     5.330480281625857e-01
     5.355852964878072e-01
     5.381214793825246e-01
     5.406564995739288e-01
     5.431902798425993e-01
     5.457227430260830e-01
     5.482538120224618e-01
     5.507834097939279e-01
     5.533114593703624e-01
     5.558378838529164e-01
     5.583626064175878e-01
     5.608855503188160e-01
     5.634066388930650e-01
     5.659257955624132e-01
     5.684429438381531e-01
     5.709580073243850e-01
     5.734709097216241e-01
     5.759815748303900e-01
     5.784899265548393e-01
     5.809958889063664e-01
     5.834993860072073e-01
     5.860003420940821e-01
     5.884986815218025e-01
     5.909943287669190e-01
     5.934872084313288e-01
     5.959772452459390e-01
     5.984643640742962e-01
     6.009484899162244e-01
     6.034295479115118e-01
     6.059074633435205e-01
     6.083821616428891e-01
     6.108535683911805e-01
     6.133216093245556e-01
     6.157862103374522e-01
     6.182472974862758e-01
     6.207047969930880e-01
     6.231586352492904e-01
     6.256087388193321e-01
     6.280550344444313e-01
     6.304974490462526e-01
     6.329359097306706e-01
     6.353703437914540e-01
     6.378006787140362e-01
     6.402268421792111e-01
     6.426487620669238e-01
     6.450663664599716e-01
     6.474795836478148e-01
     6.498883421302944e-01
     6.522925706214404e-01
     6.546921980532214e-01
     6.570871535793471e-01
     6.594773665790606e-01
     6.618627666609292e-01
     6.642432836666512e-01
     6.666188476748898e-01
     6.689893890050658e-01
     6.713548382212011e-01
     6.737151261357646e-01
     6.760701838134950e-01
     6.784199425752694e-01
     6.807643340019516e-01
     6.831032899382691e-01
     6.854367424966752e-01
     6.877646240612432e-01
     6.900868672915526e-01
     6.924034051265743e-01
     6.947141707886078e-01
     6.970190977871555e-01
     6.993181199228804e-01
     7.016111712915064e-01
     7.038981862877752e-01
     7.061790996093852e-01
     7.084538462609484e-01
     7.107223615579390e-01
     7.129845811306856e-01
     7.152404409283307e-01
     7.174898772228225e-01
     7.197328266129152e-01
     7.219692260281511e-01
     7.241990127328929e-01
     7.264221243303258e-01
     7.286384987665020e-01
     7.308480743343382e-01
     7.330507896777029e-01
     7.352465837954345e-01
     7.374353960454003e-01
     7.396171661485725e-01
     7.417918341931002e-01
     7.439593406383785e-01
     7.461196263191436e-01
     7.482726324495726e-01
     7.504183006273702e-01
     7.525565728379047e-01
     7.546873914582930e-01
     7.568106992615590e-01
     7.589264394207176e-01
     7.610345555129827e-01
     7.631349915238393e-01
     7.652276918512522e-01
     7.673126013097823e-01
     7.693896651347841e-01
     7.714588289865589e-01
     7.735200389545351e-01
     7.755732415614587e-01
     7.776183837675762e-01
     7.796554129748342e-01
     7.816842770310667e-01
     7.837049242342283e-01
     7.857173033365766e-01
     7.877213635489163e-01
     7.897170545447856e-01
     7.917043264647234e-01
     7.936831299204670e-01
     7.956534159992000e-01
     7.976151362677866e-01
     7.995682427770188e-01
     8.015126880658512e-01
     8.034484251656617e-01
     8.053754076045024e-01
     8.072935894113424e-01
     8.092029251203162e-01
     8.111033697750260e-01
     8.129948789327356e-01
     8.148774086686950e-01
     8.167509155803540e-01
     8.186153567916590e-01
     8.204706899572898e-01
     8.223168732669461e-01
     8.241538654495894e-01
     8.259816257777228e-01
     8.278001140716303e-01
     8.296092907036641e-01
     8.314091166024652e-01
     8.331995532572600e-01
     8.349805627220795e-01
     8.367521076200157e-01
     8.385141511474725e-01
     8.402666570783952e-01
     8.420095897685180e-01
     8.437429141595788e-01
     8.454665957835602e-01
     8.471806007668968e-01
     8.488848958346829e-01
     8.505794483148655e-01
     8.522642261424882e-01
     8.539391978638012e-01
     8.556043326405021e-01
     8.572596002538706e-01
     8.589049711089346e-01
     8.605404162386117e-01
     8.621659073078315e-01
     8.637814166176853e-01
     8.653869171095107e-01
     8.669823823689738e-01
     8.685677866301651e-01
     8.701431047796706e-01
     8.717083123605911e-01
     8.732633855765813e-01
     8.748083012958789e-01
     8.763430370552593e-01
     8.778675710640460e-01
     8.793818822080394e-01
     8.808859500534464e-01
     8.823797548507942e-01
     8.838632775388253e-01
     8.853364997483381e-01
     8.867994038060254e-01
     8.882519727383006e-01
     8.896941902750521e-01
     8.911260408534329e-01
     8.925475096215242e-01
     8.939585824421140e-01
     8.953592458962818e-01
     8.967494872870623e-01
     8.981292946430447e-01
     8.994986567219213e-01
     9.008575630140194e-01
     9.022060037457871e-01
     9.035439698832343e-01
     9.048714531353510e-01
     9.061884459574728e-01
     9.074949415546092e-01
     9.087909338847128e-01
     9.100764176619316e-01
     9.113513883597820e-01
     9.126158422143086e-01
     9.138697762271604e-01
     9.151131881686433e-01
     9.163460765806991e-01
     9.175684407798731e-01
     9.187802808601185e-01
     9.199815976957216e-01
     9.211723929439695e-01
     9.223526690479321e-01
     9.235224292390417e-01
     9.246816775397264e-01
     9.258304187658783e-01
     9.269686585293209e-01
     9.280964032401948e-01
     9.292136601092339e-01
     9.303204371500435e-01
     9.314167431812259e-01
     9.325025878284664e-01
     9.335779815265643e-01
     9.346429355213342e-01
     9.356974618714601e-01
     9.367415734502499e-01
     9.377752839473249e-01
     9.387986078701787e-01
     9.398115605456953e-01
     9.408141581215522e-01
     9.418064175675050e-01
     9.427883566766274e-01
     9.437599940664188e-01
     9.447213491797937e-01
     9.456724422860293e-01
     9.466132944815340e-01
     9.475439276905455e-01
     9.484643646657428e-01
     9.493746289887036e-01
     9.502747450702352e-01
     9.511647381506656e-01
     9.520446342999009e-01
     9.529144604174860e-01
     9.537742442324177e-01
     9.546240143029311e-01
     9.554638000160833e-01
     9.562936315872599e-01
     9.571135400595011e-01
     9.579235573027045e-01
     9.587237160127047e-01
     9.595140497101995e-01
     9.602945927395081e-01
     9.610653802671997e-01
     9.618264482806018e-01
     9.625778335860646e-01
     9.633195738071603e-01
     9.640517073826947e-01
     9.647742735645098e-01
     9.654873124151978e-01
     9.661908648055666e-01
     9.668849724120007e-01
     9.675696777136102e-01
     9.682450239892171e-01
     9.689110553141407e-01
     9.695678165568226e-01
     9.702153533752651e-01
     9.708537122132400e-01
     9.714829402963937e-01
     9.721030856280366e-01
     9.727141969848312e-01
     9.733163239122539e-01
     9.739095167198075e-01
     9.744938264761016e-01
     9.750693050036597e-01
     9.756360048735492e-01
     9.761939793997607e-01
     9.767432826334309e-01
     9.772839693567726e-01
     9.778160950768179e-01
     9.783397160189277e-01
     9.788548891200880e-01
     9.793616720219113e-01
     9.798601230634981e-01
     9.803503012739739e-01
     9.808322663648432e-01
     9.813060787220343e-01
     9.817717993977901e-01
     9.822294901022137e-01
     9.826792131946414e-01
     9.831210316747083e-01
     9.835550091731683e-01
     9.839812099424913e-01
     9.843996988471412e-01
     9.848105413536570e-01
     9.852138035203921e-01
     9.856095519870621e-01
     9.859978539639709e-01
     9.863787772209885e-01
     9.867523900762710e-01
     9.871187613846594e-01
     9.874779605258538e-01
     9.878300573922805e-01
     9.881751223766926e-01
     9.885132263594990e-01
     9.888444406957990e-01
     9.891688372021432e-01
     9.894864881429977e-01
     9.897974662169593e-01
     9.901018445426977e-01
     9.903996966445303e-01
     9.906910964378217e-01
     9.909761182140332e-01
     9.912548366255425e-01
     9.915273266701160e-01
     9.917936636751723e-01
     9.920539232817234e-01
     9.923081814280517e-01
     9.925565143331470e-01
     9.927989984797649e-01
     9.930357105973691e-01
     9.932667276446888e-01
     9.934921267920148e-01
     9.937119854033404e-01
     9.939263810180802e-01
     9.941353913327159e-01
     9.943390941819983e-01
     9.945375675200929e-01
     9.947308894013228e-01
     9.949191379607835e-01
     9.951023913946787e-01
     9.952807279404172e-01
     9.954542258565557e-01
     9.956229634024429e-01
     9.957870188176992e-01
     9.959464703015571e-01
     9.961013959918623e-01
     9.962518739440442e-01
     9.963979821098433e-01
     9.965397983158580e-01
     9.966774002420067e-01
     9.968108653997185e-01
     9.969402711101444e-01
     9.970656944821474e-01
     9.971872123902091e-01
     9.973049014521991e-01
     9.974188380071410e-01
     9.975290980928317e-01
     9.976357574234236e-01
     9.977388913669634e-01
     9.978385749229064e-01
     9.979348826995994e-01
     9.980278888917785e-01
     9.981176672580848e-01
     9.982042910985612e-01
     9.982878332323364e-01
     9.983683659751900e-01
     9.984459611173410e-01
     9.985206899013448e-01
     9.985926229999851e-01
     9.986618304945009e-01
     9.987283818527940e-01
     9.987923459079865e-01
     9.988537908370547e-01
     9.989127841397966e-01
     9.989693926179886e-01
     9.990236823548529e-01
     9.990757186948057e-01
     9.991255662235544e-01
     9.991732887485143e-01
     9.992189492796261e-01
     9.992626100105582e-01
     9.993043323003226e-01
     9.993441766553861e-01
     9.993822027121821e-01
     9.994184692201790e-01
     9.994530340254868e-01
     9.994859540549564e-01
     9.995172853009253e-01
     9.995470828064930e-01
     9.995754006515277e-01
     9.996022919392239e-01
     9.996278087834412e-01
     9.996520022966617e-01
     9.996749225787769e-01
     9.996966187065209e-01
     9.997171387238086e-01
     9.997365296327760e-01
     9.997548373857315e-01
     9.997721068779095e-01
     9.997883819411135e-01
     9.998037053382360e-01
     9.998181187587708e-01
     9.998316628151557e-01
     9.998443770401074e-01
     9.998562998849564e-01
     9.998674687189275e-01
     9.998779198294082e-01
     9.998876884232645e-01
     9.998968086291374e-01
     9.999053135007803e-01
     9.999132350214163e-01
     9.999206041091597e-01
     9.999274506234301e-01
     9.999338033724373e-01
     9.999396901216940e-01
     9.999451376035555e-01
     9.999501715277874e-01
     9.999548165930979e-01
     9.999590964997693e-01
     9.999630339631561e-01
     9.999666507282580e-01
     9.999699675850959e-01
     9.999730043851873e-01
     9.999757800587397e-01
     9.999783126328079e-01
     9.999806192502654e-01
     9.999827161894952e-01
     9.999846188849509e-01
     9.999863419482892e-01
     9.999878991902889e-01
     9.999893036433062e-01
     9.999905675843150e-01
     9.999917025584648e-01
     9.999927194030812e-01
     9.999936282720662e-01
     9.999944386606407e-01
     9.999951594303292e-01
     9.999957988342068e-01
     9.999963645422448e-01
     9.999968636667442e-01
     9.999973027877873e-01
     9.999976879786227e-01
     9.999980248309337e-01
     9.999983184798897e-01
     9.999985736289901e-01
     9.999987945744853e-01
     9.999989852295460e-01
     9.999991491478166e-01
     9.999992895466017e-01
     9.999994093293649e-01
     9.999995111076890e-01
     9.999995972224875e-01
     9.999996697645487e-01
     9.999997305942449e-01
     9.999997813605377e-01
     9.999998235190113e-01
     9.999998583491607e-01
     9.999998869706821e-01
     9.999999103589542e-01
     9.999999293595272e-01
     9.999999447017215e-01
     9.999999570113105e-01
     9.999999668222208e-01
     9.999999745874310e-01
     9.999999806889140e-01
     9.999999854467181e-01
     9.999999891272197e-01
     9.999999919506026e-01
     9.999999940975022e-01
     9.999999957150095e-01
     9.999999969218847e-01
     9.999999978132232e-01
     9.999999984644832e-01
     9.999999989349587e-01
     9.999999992708064e-01
     9.999999995075356e-01
     9.999999996721880e-01
     9.999999997851016e-01
     9.999999998613904e-01
     9.999999999121206e-01
     9.999999999452880e-01
     9.999999999665928e-01
     9.999999999800174e-01
     9.999999999883113e-01
     9.999999999933195e-01
     9.999999999962755e-01
     9.999999999979851e-01
     9.999999999989350e-01
     9.999999999994569e-01
     9.999999999997304e-01
     9.999999999998711e-01
     9.999999999999433e-01
     9.999999999999736e-01
     9.999999999999888e-01
     9.999999999999915e-01
     9.999999999999986e-01
     9.999999999999974e-01
     9.999999999999974e-01
     9.999999999999974e-01
     1.000000000000005e+00
     9.999999999999996e-01
     1.000000000000002e+00
     9.999999999999982e-01
     1.000000000000003e+00
     9.999999999999999e-01
     1.000000000000004e+00
     1.000000000000003e+00
     1.000000000000002e+00
     1.000000000000004e+00
     1.000000000000001e+00
     1.000000000000004e+00
     1.000000000000001e+00
     1.000000000000001e+00
     1.000000000000003e+00
     9.999999999999953e-01
     1.000000000000004e+00
     1.000000000000001e+00
     1.000000000000001e+00
     9.999999999999979e-01
     1.000000000000002e+00
     1.000000000000002e+00
     1.000000000000001e+00
     1.000000000000003e+00
     1.000000000000002e+00
     1.000000000000002e+00
     1.000000000000000e+00
     9.999999999999984e-01
     1.000000000000004e+00
     1.000000000000000e+00

